inval = [[99],[175],[6],[100],[102],[165],[39],[91],[65],[147],[80],[36],[2],[104],[84],[181],[13],[198],[164],[184],[32],[174],[76],[5],[143],[7],[94],[195],[164],[98],[6],[22],[12],[106],[127],[95],[44],[48],[11],[108],[81],[84],[6],[32],[166],[97],[109],[33],[107],[138],[9],[93],[118],[76],[61],[33],[145],[35],[170],[43],[52],[136],[101],[108],[112],[182],[84],[192],[47],[156],[199],[199],[170],[87],[118],[140],[63],[39],[81],[152],[97],[120],[145],[149],[80],[113],[105],[193],[43],[57],[47],[140],[115],[114],[164],[60],[165],[62],[131],[84],[3],[75],[86],[51],[105],[16],[159],[36],[152],[187],[200],[174],[81],[194],[3],[114],[199],[168],[56],[1],[6],[35],[181],[161],[10],[163],[138],[60],[148],[116],[12],[144],[26],[56],[199],[15],[133],[95],[55],[166],[5],[8],[114],[149],[59],[4],[7],[185],[183],[29]]
outval = [[0.73955],[0.73995],[0.78807],[0.74326],[0.74321],[0.73992],[0.73811],[0.73946],[0.73906],[0.73985],[0.74396],[0.74823],[0.88889],[0.74316],[0.74379],[0.73997],[0.73341],[0.74188],[0.74218],[0.74199],[0.74921],[0.74208],[0.74414],[0.7224],[0.73983],[0.72745],[0.74344],[0.74001],[0.74218],[0.74332],[0.78807],[0.75321],[0.76397],[0.7431],[0.73975],[0.73951],[0.74682],[0.74629],[0.73213],[0.74306],[0.73934],[0.74379],[0.78807],[0.74921],[0.74216],[0.73953],[0.73963],[0.73768],[0.73962],[0.7425],[0.7303],[0.73949],[0.74284],[0.74414],[0.73896],[0.73768],[0.73984],[0.73784],[0.74212],[0.73833],[0.74584],[0.74253],[0.73956],[0.74306],[0.74296],[0.74201],[0.74379],[0.74193],[0.73851],[0.74226],[0.74002],[0.74002],[0.74212],[0.73942],[0.74284],[0.74247],[0.73901],[0.73811],[0.73934],[0.74231],[0.73953],[0.7428],[0.73984],[0.73986],[0.74396],[0.73966],[0.7396],[0.74],[0.73833],[0.73886],[0.73851],[0.74247],[0.73968],[0.74292],[0.74218],[0.74512],[0.73992],[0.74497],[0.73977],[0.74379],[0.71111],[0.73925],[0.74372],[0.73867],[0.7396],[0.75803],[0.7399],[0.74823],[0.74231],[0.73999],[0.74187],[0.74208],[0.73934],[0.74191],[0.71111],[0.74292],[0.74002],[0.74214],[0.74546],[0.66667],[0.78807],[0.73784],[0.73997],[0.73991],[0.76874],[0.73991],[0.7425],[0.74512],[0.74236],[0.74288],[0.76397],[0.74241],[0.75124],[0.74546],[0.74002],[0.73434],[0.73978],[0.73951],[0.7388],[0.74216],[0.7224],[0.77595],[0.74292],[0.73986],[0.73891],[0.8127],[0.72745],[0.73998],[0.73997],[0.7373]]